x1=[1:10,1:10];
x2=[zeros(1,10)+1,zeros(1,10)];
z=[1.83041012  3.51241447  4.16901444  5.52485112  6.8984248 7.29818292 9.5654521 9.27844592 11.63371656 11.95194421 2.15060514  3.33394888  4.30853904  4.37507942  6.02694871  7.40665134 8.2546196   9.77753879 11.66418639 11.4209547];