x=1:10;
y=[2.23285627   7.36876551  14.59588823  24.8637199   37.73123178 54.3110869   74.2783259   95.9795571  120.28855899 148.37991283];
